Unnamed: 0,score,label
AACACGTGTCAAAGAT-1-9:I1:88-1,0.0458060689270496,2
AACTCTTCAGGTGGAT-1-9:I1:88-1,0.0149940373376011,1
AACTTTCGTGAGTATA-1-9:I1:88-1,0.0153382960706949,1
AAGGCAGTCAGGCGAA-1-9:I1:88-1,0.0151732908561825,1
ACACCCTGTCGCGTGT-1-9:I1:88-1,0.1010078266263008,3
ACGCAGCAGACAAAGG-1-9:I1:88-1,0.3313156962394714,5
AGAGCTTGTAGGGACT-1-9:I1:88-1,0.0850732252001762,3
AGTTGGTCAATGCCAT-1-9:I1:88-1,0.0578252412378788,3
ATCGAGTGTTCCACAA-1-9:I1:88-1,0.0349273160099983,6
ATCTACTGTCAATGTC-1-9:I1:88-1,0.1655630469322204,2
CAAGGCCCAATCAGAA-1-9:I1:88-1,0.2304093688726425,5
CAGCAGCAGTACGTAA-1-9:I1:88-1,0.0768608301877975,2
CAGCATACAAGACACG-1-9:I1:88-1,0.0151732908561825,1
CATCCACCATATGCTG-1-9:I1:88-1,0.1596855968236923,2
CCGTGGAAGACGCACA-1-9:I1:88-1,0.0153382960706949,1
CCTACACCAGCTGCTG-1-9:I1:88-1,0.0151732908561825,1
CGCGTTTTCTAGAGTC-1-9:I1:88-1,0.1037859916687011,0
CTAACTTGTGGAAAGA-1-9:I1:88-1,0.1111660003662109,2
CTAATGGGTATCACCA-1-9:I1:88-1,0.08694988489151,6
CTACGTCAGCGAAGGG-1-9:I1:88-1,0.1476006358861923,5
CTCGGGATCCGCAAGC-1-9:I1:88-1,0.0153102623298764,1
CTCTACGTCCCTGACT-1-9:I1:88-1,0.1041459366679191,0
CTGATCCCAGCATACT-1-9:I1:88-1,0.1818602234125137,0
GACGCGTTCATTCACT-1-9:I1:88-1,0.1204057410359382,6
GATGAAACAAGAAGAG-1-9:I1:88-1,0.0149786844849586,1
GATGCTAAGTCGAGTG-1-9:I1:88-1,0.1426246166229248,0
GGGTCTGAGCCTATGT-1-9:I1:88-1,0.0152479512616992,1
TACCTATAGTCTCAAC-1-9:I1:88-1,0.0153382960706949,1
TATGCCCTCAAGATCC-1-9:I1:88-1,0.1066168844699859,2
TCACAAGGTATCTGCA-1-9:I1:88-1,0.0467386096715927,0
TCTCATATCTCAAACG-1-9:I1:88-1,0.2126364260911941,3
TGGGAAGCATATACCG-1-9:I1:88-1,0.0412781722843647,2
TGGTTCCCAAGCGCTC-1-9:I1:88-1,0.0310645084828138,3
TTGGCAACAGTAACGG-1-9:I1:88-1,0.1944035440683365,4
TTTCCTCTCGCCAGCA-1-9:I1:88-1,0.0151732908561825,1
AAGACCTTCCCATTTA-1-9:I4:88-1,0.0153089482337236,1
AAGTCTGGTAGAGCTG-1-9:I4:88-1,0.09658233076334,3
AGAGCTTTCGAACTGT-1-9:I4:88-1,0.0152218071743845,1
AGCAGCCTCCGCGCAA-1-9:I4:88-1,0.0470285862684249,0
ATCCACCGTAAATGAC-1-9:I4:88-1,0.0151244038715958,1
ATCGAGTCACCTTGTC-1-9:I4:88-1,0.0149644771590828,1
ATGAGGGTCTCAAACG-1-9:I4:88-1,0.0155415991321206,1
CAGCATACATCGGAAG-1-9:I4:88-1,0.0159282404929399,1
CATCAGAAGACCGGAT-1-9:I4:88-1,0.0907627269625663,3
CCACCTAGTTCAGGCC-1-9:I4:88-1,0.999842882156372,4
CCGGTAGGTTCCGGCA-1-9:I4:88-1,0.1147554814815521,3
CCTCAGTAGCCGGTAA-1-9:I4:88-1,0.0649003982543945,0
CGAATGTGTCTTTCAT-1-9:I4:88-1,0.0153510542586445,1
CGCTGGAAGTCTCAAC-1-9:I4:88-1,0.2573334872722626,0
CGCTTCATCACCCTCA-1-9:I4:88-1,0.1161022931337356,5
CGGCTAGCAGTCGATT-1-9:I4:88-1,0.6682586669921875,5
CGTCAGGCAGCGTAAG-1-9:I4:88-1,0.1818602234125137,0
CTCGGGAGTTCCACAA-1-9:I4:88-1,0.0478844754397869,3
CTCTAATGTGTTAAGA-1-9:I4:88-1,0.911313533782959,4
CTCTGGTCAGACGCAA-1-9:I4:88-1,0.0149967400357127,1
CTGAAACAGATGTCGG-1-9:I4:88-1,0.0220314450562,6
CTGAAACAGCGTAGTG-1-9:I4:88-1,0.0150788584724068,1
CTGTGCTGTGGTAACG-1-9:I4:88-1,0.0153382960706949,1
GCTGCGAGTATGCTTG-1-9:I4:88-1,0.080475777387619,0
GCTTCCATCGTCTGAA-1-9:I4:88-1,0.0151419192552566,1
GCTTGAATCATACGGT-1-9:I4:88-1,0.6463348269462585,4
GGCGACTAGAAGATTC-1-9:I4:88-1,0.0151732908561825,1
GGCTCGACATGTAGTC-1-9:I4:88-1,0.0897684767842292,6
GTCCTCAGTGTCTGAT-1-9:I4:88-1,0.1975523382425308,4
GTGGGTCCACCTTGTC-1-9:I4:88-1,0.0151732908561825,1
GTTCGGGCATTACCTT-1-9:I4:88-1,0.1115799099206924,3
TACGGATTCAACGGGA-1-9:I4:88-1,0.0150384018197655,1
TCGCGAGTCCCATTAT-1-9:I4:88-1,0.0725173205137252,3
TGAGCATAGCTACCGC-1-9:I4:88-1,0.1299851685762405,4
TTAGGCAGTATTAGCC-1-9:I4:88-1,0.0151592744514346,1
TTGACTTCAACTGGCC-1-9:I4:88-1,0.1782951951026916,5
TTGCCGTTCCACTGGG-1-9:I4:88-1,0.0978809893131256,3
AAATGCCCAAGTCTAC-1-9:I3:88-1,0.0149686485528945,1
AATCGGTGTACAGTGG-1-9:I3:88-1,0.1056079044938087,6
ACCTTTAAGGATATAC-1-9:I3:88-1,0.6082639098167419,5
AGAGCTTCACACTGCG-1-9:I3:88-1,0.0738911479711532,0
AGAGCTTTCGGAAATA-1-9:I3:88-1,0.1235275864601135,5
CACACCTCACTTACGA-1-9:I3:88-1,0.0588008612394332,3
CAGCGACAGGATTCGG-1-9:I3:88-1,0.0585574060678482,6
CCTCTGAGTTGCTCCT-1-9:I3:88-1,0.0149630149826407,1
CGGAGTCCAGTAACGG-1-9:I3:88-1,0.1636119782924652,4
CGTGTCTGTGTTCGAT-1-9:I3:88-1,0.04030666872859,3
CGTTAGATCCCATTAT-1-9:I3:88-1,0.1035914421081543,5
CTACACCCATTCGACA-1-9:I3:88-1,0.0151607226580381,1
CTACATTCACTAGTAC-1-9:I3:88-1,0.0712476968765258,3
CTAGAGTGTTCGGGCT-1-9:I3:88-1,0.1927441954612732,4
GACGCGTAGGGCTTCC-1-9:I3:88-1,0.0151485027745366,1
GACGTTACACAAGACG-1-9:I3:88-1,0.2266794294118881,4
GCGGGTTTCTGGAGCC-1-9:I3:88-1,0.1182822808623313,3
GGACGTCAGACAGGCT-1-9:I3:88-1,0.0427785366773605,3
GGATGTTGTTGGTGGA-1-9:I3:88-1,0.0152013963088393,1
GGGCATCAGAAGCCCA-1-9:I3:88-1,0.0151825062930583,1
GTGCTTCCAAGCTGAG-1-9:I3:88-1,0.0775989666581153,3
TACGGGCCATCACAAC-1-9:I3:88-1,0.0962928161025047,3
TCAATCTGTATAAACG-1-9:I3:88-1,0.0151266567409038,1
TCGTAGATCTGTTGAG-1-9:I3:88-1,0.1145335584878921,5
TCTGGAACATGCCACG-1-9:I3:88-1,0.1532871574163437,3
TCTTTCCCAATAGCAA-1-9:I3:88-1,0.1904809027910232,4
TGAGCCGTCGAACGGA-1-9:I3:88-1,0.123988889157772,4
TGATTTCGTTTACTCT-1-9:I3:88-1,0.1892767250537872,4
TTCGAAGTCTGGGCCA-1-9:I3:88-1,0.0342091023921966,3
TTCTCAACACCTCGGA-1-9:I3:88-1,0.1196556016802787,0
TTGCCGTTCACAATGC-1-9:I3:88-1,0.5000154972076416,4
TTGGAACAGGCTAGGT-1-9:I3:88-1,0.3763807713985443,5
TTTGCGCAGACCTTTG-1-9:I3:88-1,0.1253072172403335,3
AACACGTTCCGCTGTT-1-9:I2:88-1,0.0153002450242638,1
AATCCAGGTTTGACTG-1-9:I2:88-1,0.1912482380867004,6
ACCAGTACACAGTCGC-1-9:I2:88-1,0.0152791673317551,1
ACGATACCAGCTCGCA-1-9:I2:88-1,0.0527761504054069,3
ACGATGTAGGCTAGAC-1-9:I2:88-1,0.1483389735221862,6
ACTTACTCAGGTGCCT-1-9:I2:88-1,0.0555084347724914,6
ACTTGTTGTTCACGGC-1-9:I2:88-1,0.0153331896290183,1
AGATTGCGTTTGTTGG-1-9:I2:88-1,0.142495259642601,3
AGCTCTCCATCGTCGG-1-9:I2:88-1,0.1253072172403335,3
AGTCTTTTCCAGATCA-1-9:I2:88-1,0.1008046120405197,3
ATTCTACAGATGTTAG-1-9:I2:88-1,0.0718075856566429,0
CAAGTTGTCTTACCGC-1-9:I2:88-1,0.0455637611448764,3
CACACCTAGTTGAGAT-1-9:I2:88-1,0.015081905759871,1
CAGCTGGGTACGCTGC-1-9:I2:88-1,0.0150102917104959,1
CATCAAGTCTGAAAGA-1-9:I2:88-1,0.0269567631185054,3
CATCAGACATTTGCTT-1-9:I2:88-1,0.0912932157516479,3
CATCGGGGTAGAGTGC-1-9:I2:88-1,0.999842882156372,4
CGGACTGAGATAGTCA-1-9:I2:88-1,0.114858478307724,6
CGGCTAGAGTACTTGC-1-9:I2:88-1,0.1145335584878921,5
CGTGAGCAGTCATGCT-1-9:I2:88-1,0.0149673242121934,1
CGTTGGGAGTTGTAGA-1-9:I2:88-1,0.030452137812972,3
CGTTGGGTCGTTACAG-1-9:I2:88-1,0.1945325881242752,3
CTAAGACCAGGTCGTC-1-9:I2:88-1,0.1422656327486038,4
GACCAATCAAGTTGTC-1-9:I2:88-1,0.0789418071508407,3
GCAGTTATCACGAAGG-1-9:I2:88-1,0.0531404465436935,3
GCGAGAAAGGCTACGA-1-9:I2:88-1,0.015037590637803,1
GCTCTGTAGTTGTAGA-1-9:I2:88-1,0.0646969676017761,3
GTGCTTCTCCTAGAAC-1-9:I2:88-1,0.0861423686146736,0
TAAGCGTAGCAACGGT-1-9:I2:88-1,0.1018090322613716,2
TACCTATAGTCTTGCA-1-9:I2:88-1,0.4576036036014557,3
TCCCGATCACCCTATC-1-9:I2:88-1,0.2361363023519516,2
TGACAACAGAGATGAG-1-9:I2:88-1,0.0152811193838715,1
TGAGGGACAAGACACG-1-9:I2:88-1,0.0646967366337776,0
TGATTTCGTTAAGGGC-1-9:I2:88-1,0.0150633957237005,1
TGTGGTATCTGTGCAA-1-9:I2:88-1,0.0153609057888388,1
TGTTCCGCAGATTGCT-1-9:I2:88-1,0.0415191873908042,6
TTTGGTTAGCGTCTAT-1-9:I2:88-1,0.1364088654518127,0
