Unnamed: 0,score,label
AAAGTAGAGTGGGCTA-1-9:I1:88-2,0.0928257182240486,3
AAGACCTAGTGCAAGC-1-9:I1:88-2,0.2729041278362274,6
ACACCGGAGAGTCGGT-1-9:I1:88-2,0.0680888220667839,3
ACGGCCAGTTAGATGA-1-9:I1:88-2,0.132115826010704,4
AGTGGGATCCTTTCTC-1-9:I1:88-2,0.0156743973493576,1
ATCATGGAGTTACGGG-1-9:I1:88-2,0.1692495644092559,0
CAACCAACATCCTAGA-1-9:I1:88-2,0.0924662724137306,3
CAGCCGACATGAAGTA-1-9:I1:88-2,0.081797756254673,3
CATCAGAGTTACGGAG-1-9:I1:88-2,0.1242361217737197,2
CATCGGGGTCTTCGTC-1-9:I1:88-2,0.1253072172403335,4
CGGAGCTCATGGTCAT-1-9:I1:88-2,0.0151244038715958,1
CTACGTCCAAGCGCTC-1-9:I1:88-2,0.2921114861965179,3
CTCCTAGTCAACGGGA-1-9:I1:88-2,0.0150113198906183,1
CTGAAACCATGCAATC-1-9:I1:88-2,0.1214090958237648,6
CTGCTGTGTGGTTTCA-1-9:I1:88-2,0.0173400044441223,1
CTTACCGAGACTTGAA-1-9:I1:88-2,0.0566825531423091,3
CTTGGCTAGCTGTTCA-1-9:I1:88-2,0.0555084347724914,3
GACTAACTCGCGCCAA-1-9:I1:88-2,0.0936382934451103,0
GGGAGATAGTGAAGTT-1-9:I1:88-2,0.0152433086186647,1
GTTAAGCTCTCAAACG-1-9:I1:88-2,0.0153088551014661,1
GTTCATTTCATATCGG-1-9:I1:88-2,0.0769568756222724,4
TCTCTAACACAGATTC-1-9:I1:88-2,0.1506572812795639,3
TTTGCGCGTGGCCCTA-1-9:I1:88-2,0.1955833286046981,0
AACTCCCTCTCTGAGA-1-9:I4:88-2,0.0151142189279198,1
ACTTTCAAGCTGGAAC-1-9:I4:88-2,0.0151040945202112,1
CACCAGGCAGGCTCAC-1-9:I4:88-2,0.0153910759836435,1
CATGGCGTCTAAGCCA-1-9:I4:88-2,0.1347275227308273,5
CCCAATCCACCGGAAA-1-9:I4:88-2,0.209335908293724,0
CCTAAAGTCTTCAACT-1-9:I4:88-2,0.22807577252388,6
CCTCAGTTCCATGAGT-1-9:I4:88-2,0.0718221217393875,3
CGAGCACGTTGCGCAC-1-9:I4:88-2,0.2430854886770248,0
CGATGGCGTACAGTTC-1-9:I4:88-2,0.1497047841548919,6
CGGACACTCCGCGTTT-1-9:I4:88-2,0.0538801364600658,3
CGGTTAACACGCCAGT-1-9:I4:88-2,0.0821483582258224,3
CGTAGGCCATGCCTTC-1-9:I4:88-2,0.1253072172403335,4
CTAGAGTGTCCAGTGC-1-9:I4:88-2,0.1777633726596832,2
GCATACAAGACTAGGC-1-9:I4:88-2,0.0151484468951821,1
GCGCAGTCATGAAGTA-1-9:I4:88-2,0.8054265975952148,0
GCTCCTATCGGTTAAC-1-9:I4:88-2,0.121860571205616,4
GGCAATTAGGAGTAGA-1-9:I4:88-2,0.0153382960706949,1
GGCGTGTCACATCCGG-1-9:I4:88-2,0.2822624146938324,3
GGGCATCCAGTAAGAT-1-9:I4:88-2,0.0740456208586692,0
GGGCATCTCAACCAAC-1-9:I4:88-2,0.1811768859624862,3
GTATTCTTCTGGAGCC-1-9:I4:88-2,0.0151732908561825,1
GTTTCTAAGTGGTAAT-1-9:I4:88-2,0.0428263470530509,5
GTTTCTACATTGGCGC-1-9:I4:88-2,0.0818225070834159,0
TACTCATAGGACAGAA-1-9:I4:88-2,0.036298468708992,3
TAGCCGGAGCTAGCCC-1-9:I4:88-2,0.0320303998887538,3
TAGTGGTAGGCATGGT-1-9:I4:88-2,0.014999927021563,1
TCAGGTAGTTACGCGC-1-9:I4:88-2,0.0151732908561825,1
TGACAACGTACCTACA-1-9:I4:88-2,0.999842882156372,5
AAATGCCCACCGTTGG-1-9:I3:88-2,0.2078067809343338,3
AACGTTGTCCAACCAA-1-9:I3:88-2,0.0150958206504583,1
ACGATACTCCGAGCCA-1-9:I3:88-2,0.0149571327492594,1
ACGCAGCTCTTCGGTC-1-9:I3:88-2,0.1367296278476715,6
ACGGGTCAGCTCAACT-1-9:I3:88-2,0.0815625041723251,4
AGCGTATTCTTGAGGT-1-9:I3:88-2,0.0959404706954956,5
CAACTAGAGAATTGTG-1-9:I3:88-2,0.1234105378389358,4
CAAGAAAAGATAGCAT-1-9:I3:88-2,0.0549431070685386,4
CAAGTTGCACAAGTAA-1-9:I3:88-2,0.296014130115509,5
CAGAATCAGTAGATGT-1-9:I3:88-2,0.2985776364803314,2
CAGGTGCCAGACAGGT-1-9:I3:88-2,0.280851811170578,6
CATGCCTGTGCACGAA-1-9:I3:88-2,0.1102634891867637,3
CATTATCTCTTTAGTC-1-9:I3:88-2,0.0928546041250228,5
CCCAGTTCACAAGTAA-1-9:I3:88-2,0.0556855648756027,1
CCCTCCTGTAGCGTCC-1-9:I3:88-2,0.0683785304427146,6
CCGGGATGTTACAGAA-1-9:I3:88-2,0.1515899449586868,2
CCTATTACAGTGGAGT-1-9:I3:88-2,0.0152870528399944,1
CCTCAGTCAGTAAGAT-1-9:I3:88-2,0.3204042315483093,5
CGAGCCAAGCCCTAAT-1-9:I3:88-2,0.3767722547054291,4
CGAGCCACAATGGAGC-1-9:I3:88-2,0.0149982860311865,1
CGATTGACACAGCCCA-1-9:I3:88-2,0.0826384127140045,4
CGTCTACGTACTCTCC-1-9:I3:88-2,0.0150491306558251,1
CTACACCGTGTGCGTC-1-9:I3:88-2,0.1242361217737197,2
GAACATCGTTAAAGTG-1-9:I3:88-2,0.0151732908561825,1
GACGTTAGTCGGCATC-1-9:I3:88-2,0.047433715313673,3
GACTAACTCCCGACTT-1-9:I3:88-2,0.2808157205581665,5
GAGGTGATCACGGTTA-1-9:I3:88-2,0.0589349940419197,4
GCACTCTGTCCAAGTT-1-9:I3:88-2,0.0158989708870649,1
TCAGATGCATAACCTG-1-9:I3:88-2,0.1233409717679023,0
TCTCATAGTGAAAGAG-1-9:I3:88-2,0.0712476968765258,5
TGTATTCTCAACGGCC-1-9:I3:88-2,0.0150827821344137,1
TTGAACGGTTTGTTGG-1-9:I3:88-2,0.2012451738119125,0
TTTACTGAGTGGGTTG-1-9:I3:88-2,0.0159011930227279,1
AACTGGTGTAACGCGA-1-9:I2:88-2,0.1852342635393142,0
ACGATACTCTTTAGTC-1-9:I2:88-2,0.0747041329741478,5
ACGCCAGTCGGAAATA-1-9:I2:88-2,0.0278529804199934,3
ACGGGCTAGCGTTGCC-1-9:I2:88-2,0.1565373539924621,4
AGACGTTAGTACTTGC-1-9:I2:88-2,0.0962038338184356,5
AGATTGCTCGAATGGG-1-9:I2:88-2,0.0657124742865562,5
AGCGTATCACTCGACG-1-9:I2:88-2,0.0510219670832157,4
ATAACGCCATGCCTTC-1-9:I2:88-2,0.0151732908561825,1
ATCATCTCACTATCTT-1-9:I2:88-2,0.1692292094230651,4
ATGTGTGAGGCAGTCA-1-9:I2:88-2,0.1544689536094665,2
CAGCAGCGTAATCGTC-1-9:I2:88-2,0.1044583842158317,4
CAGCGACCATCGGACC-1-9:I2:88-2,0.1253000348806381,4
CCATGTCCAAAGGTGC-1-9:I2:88-2,0.0555084347724914,3
CGAGCACCATGACGGA-1-9:I2:88-2,0.4100314080715179,0
CGCGGTACAGCAGTTT-1-9:I2:88-2,0.0590079836547374,4
CTCGTACCAAGCCATT-1-9:I2:88-2,0.0752619057893753,5
CTCGTACGTCCAGTGC-1-9:I2:88-2,0.1336070150136947,0
CTCTAATAGGAGTCTG-1-9:I2:88-2,0.0156304612755775,1
GAAATGAGTACTCGCG-1-9:I2:88-2,0.2138123214244842,0
GAACATCTCCTAGGGC-1-9:I2:88-2,0.1452551037073135,5
GATCAGTAGTGGCACA-1-9:I2:88-2,0.2602408826351166,0
GATTCAGGTGCTGTAT-1-9:I2:88-2,0.2364359945058822,4
GCAATCAGTTACGTCA-1-9:I2:88-2,0.2259471118450164,0
GCGAGAAGTTCTCATT-1-9:I2:88-2,0.1487598717212677,0
GGCCGATTCTTTACGT-1-9:I2:88-2,0.0156633164733648,1
GTGCAGCCATCACCCT-1-9:I2:88-2,0.4972178339958191,0
GTGCTTCGTGTATGGG-1-9:I2:88-2,0.2491893321275711,0
TACTTGTCAAAGCAAT-1-9:I2:88-2,0.1140666082501411,3
TCGGGACAGACTGTAA-1-9:I2:88-2,0.0624994784593582,4
TGACAACCACCTCGTT-1-9:I2:88-2,0.1653129905462265,6
TGGTTAGAGACCTAGG-1-9:I2:88-2,0.1590609103441238,0
TTGGCAAAGATCGATA-1-9:I2:88-2,0.322221964597702,0
