Unnamed: 0,score,label
AAGGTTCTCAAGGTAA-1-9:I1:98-1,0.1713322699069976,6
CACTCCAAGCGACGTA-1-9:I1:98-1,0.0818216726183891,5
CAGCAGCTCGTTTGCC-1-9:I1:98-1,0.155802309513092,4
CAGCCGACAAAGCAAT-1-9:I1:98-1,0.1916422545909881,1
CATTCGCAGAGCTTCT-1-9:I1:98-1,0.0149930771440267,3
CCACTACCATGTTGAC-1-9:I1:98-1,0.1047012507915496,6
CCTACACTCAATAAGG-1-9:I1:98-1,0.0151060922071337,3
CGATGTAAGAGGTTGC-1-9:I1:98-1,0.0590326935052871,6
CTGATCCGTAAGCACG-1-9:I1:98-1,0.3112793266773224,2
GGCTCGAGTCTACCTC-1-9:I1:98-1,0.2128794640302658,4
GGTGAAGGTTGAGTTC-1-9:I1:98-1,0.0382378660142421,6
GGTGTTAAGCCGCCTA-1-9:I1:98-1,0.0151060922071337,3
GTCACGGTCATGCAAC-1-9:I1:98-1,0.1564328819513321,4
TATCTCATCCAAATGC-1-9:I1:98-1,0.0151060922071337,3
TCACGAATCCTGTACC-1-9:I1:98-1,0.0153267923742532,3
TCTATTGAGGGTTCCC-1-9:I1:98-1,0.1433825939893722,5
TTGACTTTCGGCCGAT-1-9:I1:98-1,0.3150859773159027,0
AAAGATGTCGGCGGTT-1-9:I4:98-1,0.1671365946531295,5
ACACTGATCATCGGAT-1-9:I4:98-1,0.1042695194482803,1
ACGGGCTGTCTTGATG-1-9:I4:98-1,0.0154181234538555,3
AGGTCATTCTCCTATA-1-9:I4:98-1,0.1695300489664077,0
ATCTGCCCATATGCTG-1-9:I4:98-1,0.0803485661745071,0
GACTGCGAGACGCAAC-1-9:I4:98-1,0.0917152166366577,5
GATCAGTAGCCAGAAC-1-9:I4:98-1,0.1107148602604866,6
GGGACCTCAGGGTATG-1-9:I4:98-1,0.2343998998403549,2
GTACTCCAGCGCCTCA-1-9:I4:98-1,0.0752607360482215,1
GTAGGCCTCCCTAACC-1-9:I4:98-1,0.0152853466570377,3
GTGCAGCAGATCGGGT-1-9:I4:98-1,0.0151060922071337,3
AAATGCCTCCTATTCA-1-9:I3:98-1,0.0149822700768709,3
AGGTCCGAGGATGGTC-1-9:I3:98-1,0.0387325845658779,6
CAAGTTGTCTAACTGG-1-9:I3:98-1,0.0393043421208858,6
CTGATCCCAGACTCGC-1-9:I3:98-1,0.1158502474427223,6
GGCAATTTCCGGCACA-1-9:I3:98-1,0.0153278606012463,3
TACCTTAAGAGTCGGT-1-9:I3:98-1,0.1524699181318283,5
TAGACCACAAACTGTC-1-9:I3:98-1,0.4466209411621094,5
TAGAGCTTCAGCTTAG-1-9:I3:98-1,0.0929581373929977,1
TGTATTCAGCGATGAC-1-9:I3:98-1,0.0847556442022323,6
ACCGTAAGTACGAAAT-1-9:I2:98-1,0.0151060922071337,3
ACGATACTCTCTTATG-1-9:I2:98-1,0.1746672093868255,4
ACGGAGAGTTCAGACT-1-9:I2:98-1,0.1171361654996872,2
ACTTACTCAAGAGTCG-1-9:I2:98-1,0.2585320472717285,2
ATTCTACTCTGATTCT-1-9:I2:98-1,0.0151060922071337,3
CAGTCCTAGCACGCCT-1-9:I2:98-1,0.014943572692573,3
CATTCGCGTCACAAGG-1-9:I2:98-1,0.3501087427139282,1
CCACGGAGTGAAATCA-1-9:I2:98-1,0.1739187240600586,0
CCTATTAGTACATCCA-1-9:I2:98-1,0.2010726332664489,6
GCAGTTACAGTGGAGT-1-9:I2:98-1,0.0151060922071337,3
GGTGTTAGTTGATTGC-1-9:I2:98-1,0.0151060922071337,3
GTCACGGCATGACGGA-1-9:I2:98-1,0.015074074268341,3
TCAGCAAGTATCACCA-1-9:I2:98-1,0.0149784982204437,3
TCCACACGTTGCCTCT-1-9:I2:98-1,0.0150044048205018,3
TTGAACGGTTGCGTTA-1-9:I2:98-1,0.01522221788764,3
