Unnamed: 0,score,label
AAACCTGTCGGTCCGA-1-9:I1:97-2,0.0152497114613652,1
AGCAGCCTCAACCAAC-1-9:I1:97-2,0.093606412410736,6
AGGCCGTGTCACTGGC-1-9:I1:97-2,0.0652769356966018,5
ATCTGCCGTCGATTGT-1-9:I1:97-2,0.0157520659267902,1
CACATTTTCAACCATG-1-9:I1:97-2,0.0150664569810032,1
CACCTTGGTAGTGAAT-1-9:I1:97-2,0.1439081579446792,6
CATCCACTCTTTAGGG-1-9:I1:97-2,0.0151732908561825,1
CGTTGGGAGTCGTTTG-1-9:I1:97-2,0.1070641279220581,3
CTACGTCAGCTGTTCA-1-9:I1:97-2,0.1200797110795974,2
CTCTACGAGAAACCAT-1-9:I1:97-2,0.2236774861812591,6
GATTCAGGTCCTCCAT-1-9:I1:97-2,0.0149744236841797,1
GCAGTTATCCGCATAA-1-9:I1:97-2,0.1886069178581237,6
GCGCGATGTCTTTCAT-1-9:I1:97-2,0.0151432072743773,1
GGGAGATTCGCCTGTT-1-9:I1:97-2,0.1697753816843032,0
GTGTGCGAGACTAGAT-1-9:I1:97-2,0.1449872255325317,4
TACCTTAAGGCTAGGT-1-9:I1:97-2,0.6589424014091492,0
TCACGAAAGGACAGCT-1-9:I1:97-2,0.0155756305903196,1
TGGTTCCAGAGGTTAT-1-9:I1:97-2,0.075718268752098,5
TTATGCTCATAGACTC-1-9:I1:97-2,0.0151732908561825,1
TTCCCAGTCTCTGTCG-1-9:I1:97-2,0.3795997500419616,4
TTGTAGGGTAGAAAGG-1-9:I1:97-2,0.1192476823925972,6
TTTGTCATCTAACGGT-1-9:I1:97-2,0.1197304055094719,4
AAACCTGAGTACATGA-1-9:I4:97-2,0.0644346848130226,2
ACAGCCGCACTTGGAT-1-9:I4:97-2,0.0151732908561825,1
ACAGCTAAGCGATTCT-1-9:I4:97-2,0.0151474652811884,1
ACATCAGTCCGAACGC-1-9:I4:97-2,0.0149379111826419,1
ACGAGGATCAGTGTTG-1-9:I4:97-2,0.0551654025912284,4
ACTATCTAGATCTGCT-1-9:I4:97-2,0.0154597759246826,1
AGAGTGGAGCGAGAAA-1-9:I4:97-2,0.0150858098641037,1
AGAGTGGAGCGTCTAT-1-9:I4:97-2,0.0149572379887104,1
AGATTGCAGATATACG-1-9:I4:97-2,0.5764663815498352,0
CACTCCATCCAAGCCG-1-9:I4:97-2,0.0149662066251039,1
CCCTCCTAGGTACTCT-1-9:I4:97-2,0.0151548786088824,1
CGATGTACATCTCCCA-1-9:I4:97-2,0.1441861689090728,0
CTGAAACCAGGGTATG-1-9:I4:97-2,0.2910919189453125,0
GAAACTCGTACAGACG-1-9:I4:97-2,0.0151732908561825,1
GACACGCCACAAGACG-1-9:I4:97-2,0.0505305603146553,5
GACTGCGAGGACGAAA-1-9:I4:97-2,0.0763604938983917,4
GCGCAGTCACAGGAGT-1-9:I4:97-2,0.1274151653051376,2
GGGAATGGTCTAGGTT-1-9:I4:97-2,0.2220025062561035,2
GGGACCTTCGTATCAG-1-9:I4:97-2,0.0151430303230881,1
GGGCACTTCTTCGGTC-1-9:I4:97-2,0.0150226410478353,1
GTATTCTTCTTGCAAG-1-9:I4:97-2,0.2415074110031128,2
GTCACAACATGCATGT-1-9:I4:97-2,0.0559867098927497,5
TAGCCGGGTACGCTGC-1-9:I4:97-2,0.0954908430576324,5
TATGCCCAGTAAGTAC-1-9:I4:97-2,0.1246283873915672,6
TATTACCTCTCATTCA-1-9:I4:97-2,0.1456315964460373,5
TCACGAAAGATGAGAG-1-9:I4:97-2,0.0948628857731819,2
TCAGGTAGTTCCACGG-1-9:I4:97-2,0.015143571421504,1
TGATTTCGTGTTTGTG-1-9:I4:97-2,0.1791018843650818,5
TGTGTTTAGACAGGCT-1-9:I4:97-2,0.066744789481163,5
TTCTTAGTCATCGGAT-1-9:I4:97-2,0.0152142979204654,1
ACTTACTGTTCACCTC-1-9:I3:97-2,0.0325966924428939,5
AGCTCCTAGAGACTAT-1-9:I3:97-2,0.2458731234073639,2
CAGTAACGTCATTAGC-1-9:I3:97-2,0.0151562038809061,1
CCACGGACATCTCCCA-1-9:I3:97-2,0.2386055141687393,3
CCAGCGATCAAGAAGT-1-9:I3:97-2,0.014961177483201,1
CGAGCACAGCGATATA-1-9:I3:97-2,0.0432310029864311,5
CGCGTTTAGTATGACA-1-9:I3:97-2,0.0485356003046035,4
CGGACTGTCGGAAACG-1-9:I3:97-2,0.0163054708391428,1
CGTCCATAGAACTGTA-1-9:I3:97-2,0.2613867223262787,3
CTACCCAAGAGTGAGA-1-9:I3:97-2,0.2253452390432357,6
CTAGTGAGTCCTAGCG-1-9:I3:97-2,0.0151732908561825,1
CTCGTCAGTTTAGCTG-1-9:I3:97-2,0.0151732908561825,1
CTCTGGTGTTACCAGT-1-9:I3:97-2,0.0669788867235183,5
CTGCCTAAGTAACCCT-1-9:I3:97-2,0.062506265938282,4
CTGGTCTAGGTTCCTA-1-9:I3:97-2,0.1989211738109588,6
GACAGAGAGTGGTAGC-1-9:I3:97-2,0.1519015431404113,6
GACCAATTCCACGTGG-1-9:I3:97-2,0.0164579339325428,1
GACGTGCAGTACTTGC-1-9:I3:97-2,0.1217636838555336,0
GCGGGTTCATCCGTGG-1-9:I3:97-2,0.1306726634502411,3
GTCTCGTGTCAGCTAT-1-9:I3:97-2,0.1619845479726791,0
GTCTCGTTCTTGAGAC-1-9:I3:97-2,0.2506875097751617,3
GTGTTAGTCTTCTGGC-1-9:I3:97-2,0.0149874938651919,1
TAGAGCTAGAGTAAGG-1-9:I3:97-2,0.028683315962553,1
TAGAGCTCAATCTACG-1-9:I3:97-2,0.1879928708076477,3
TGCACCTAGGGAAACA-1-9:I3:97-2,0.119463250041008,2
TGCCAAATCGTCCGTT-1-9:I3:97-2,0.1285262107849121,4
TGCTACCGTTGGGACA-1-9:I3:97-2,0.1706715524196624,3
TGGACGCTCCCTCTTT-1-9:I3:97-2,0.0969989597797393,2
TTTACTGAGGGAGTAA-1-9:I3:97-2,0.1255025267601013,5
TTTGCGCCAAGGACTG-1-9:I3:97-2,0.1310999691486358,6
TTTGGTTCAGGGTACA-1-9:I3:97-2,0.3436475992202759,0
AAGGTTCGTAGCGATG-1-9:I2:97-2,0.0614308007061481,0
ACGCAGCAGGGCTCTC-1-9:I2:97-2,0.1086071953177452,6
ACTGTCCTCGTTTAGG-1-9:I2:97-2,0.0150135243311524,1
AGATCTGCAATGGTCT-1-9:I2:97-2,0.0762356221675872,5
AGGGAGTAGGCTACGA-1-9:I2:97-2,0.8069924116134644,6
AGGGAGTGTTATTCTC-1-9:I2:97-2,0.0151732908561825,1
AGGGTGAGTTTAGCTG-1-9:I2:97-2,0.0153464283794164,1
ATCCACCGTGATGTGG-1-9:I2:97-2,0.0726123675704002,5
ATCTGCCCAAGGACTG-1-9:I2:97-2,0.1533970385789871,5
CACATTTCAAGCCTAT-1-9:I2:97-2,0.0559462271630764,5
CAGCGACAGCTGCAAG-1-9:I2:97-2,0.0150837786495685,1
CGATTGAGTGCAGACA-1-9:I2:97-2,0.1622526049613952,2
CGGACGTTCACCGTAA-1-9:I2:97-2,0.0868326276540756,5
CGTGTAATCAACACTG-1-9:I2:97-2,0.1959093809127807,2
CTCGAAACAAGCGCTC-1-9:I2:97-2,0.3153422474861145,3
CTCTACGTCCAGTATG-1-9:I2:97-2,0.2035616338253021,6
CTGAAACAGCCTCGTG-1-9:I2:97-2,0.1815983355045318,6
CTTACCGTCAGCTCTC-1-9:I2:97-2,0.0613680146634578,5
GCATACAGTAGCGTGA-1-9:I2:97-2,0.0149662066251039,1
GTACGTATCACCGTAA-1-9:I2:97-2,0.1283474713563919,4
GTCACGGAGAGACTAT-1-9:I2:97-2,0.0150481406599283,1
TAAGAGATCACTTCAT-1-9:I2:97-2,0.0150361210107803,1
TACCTTAAGGACGAAA-1-9:I2:97-2,0.0149662168696522,1
TACGGTAAGCAATATG-1-9:I2:97-2,0.1433507204055786,4
TCAGATGCACCTATCC-1-9:I2:97-2,0.1797819286584854,5
TCAGGATTCTAGCACA-1-9:I2:97-2,0.1070957109332084,3
TCGTACCCATGGTCTA-1-9:I2:97-2,0.4240414202213287,0
TGACAACCAGTAAGAT-1-9:I2:97-2,0.6662232875823975,0
TGCGTGGTCTGGTGTA-1-9:I2:97-2,0.1321260035037994,2
TGGCCAGGTATAGGGC-1-9:I2:97-2,0.1145602092146873,0
TGGCTGGGTAACGTTC-1-9:I2:97-2,0.1039215996861457,5
TTAACTCGTACAGCAG-1-9:I2:97-2,0.0151405427604913,1
TTGCGTCAGACCGGAT-1-9:I2:97-2,0.0799993500113487,3
